599,0,599,933
181,0,181,933
180,0,180,933
178,0,178,933
602,0,602,933
179,0,179,933
600,0,600,933
182,0,182,933
598,0,598,933
176,0,176,933
175,0,175,933
601,0,601,933
177,0,177,933
596,0,596,933
597,0,597,933
603,0,603,933
604,0,604,933
595,0,595,933
173,0,173,933
174,0,174,933
0,81,700,81
672,0,672,933
605,0,605,933
609,0,593,933
0,79,700,79
0,94,700,94
606,0,606,933
0,83,700,83
0,80,700,80
0,95,700,95
0,84,700,84
0,96,700,96
670,0,670,933
0,88,700,88
0,78,700,78
0,93,700,93
0,12,700,12
0,82,700,82
0,87,700,87
0,91,700,91
680,0,680,933
671,0,671,933
0,20,700,20
0,77,700,77
0,86,700,86
607,0,607,933
669,0,669,933
0,75,700,75
668,0,668,933
172,0,172,933
673,0,673,933
662,0,662,933
0,24,700,44
681,0,648,933
688,0,642,933
626,0,626,933
643,0,643,933
583,0,601,933
594,0,594,933
655,0,655,933
183,0,183,933
0,89,700,89
663,0,663,933
646,0,646,933
642,0,642,933
0,92,700,92
0,76,700,76
653,0,653,933
0,85,700,85
659,0,659,933
657,0,657,933
676,0,676,933
593,0,593,933
685,0,650,933
660,0,660,933
681,0,681,933
610,0,592,933
622,0,652,933
650,0,650,933
622,0,622,933
653,0,653,933
604,0,593,933
683,0,649,933
648,0,648,933
649,0,649,933
618,0,618,933
0,90,700,90
0,97,700,97
629,0,644,933
0,23,700,23
652,0,652,933
658,0,658,933
661,0,661,933
664,0,664,933
683,0,683,933
0,45,700,45
667,0,667,933
0,22,700,22
0,99,700,99
0,16,700,16
0,9,700,50
624,0,624,933
696,0,663,933
0,20,700,55
682,0,682,933
0,21,700,21
0,73,700,73
605,0,590,933
0,53,700,53
620,0,620,933
0,47,700,47
635,0,635,933
608,0,608,933
0,64,700,64
610,0,610,933
0,11,700,11
0,63,700,63
0,60,700,60
604,0,591,933
0,19,700,19
0,18,700,18
627,0,627,933
609,0,609,933
0,25,700,45
0,48,700,48
700,138,649,933
0,62,700,62
700,101,615,933
0,72,700,72
0,54,700,54
623,0,623,933
0,15,700,15
0,49,700,49
0,74,700,74
0,56,700,56
0,51,700,51
656,0,656,933
0,8,700,49
0,17,700,17
621,0,621,933
0,52,700,52
0,14,700,14
0,15,700,2
0,55,700,55
0,59,700,59
0,71,700,71
0,24,700,24
0,98,700,98
0,46,700,46
0,7,700,7
0,61,700,61
0,35,700,45
0,6,700,6
0,9,700,9
0,40,700,40
0,8,700,8
619,0,660,933
692,0,661,933
29,0,29,933
0,13,700,33
625,0,638,933
173,0,173,933
0,65,700,65
700,153,654,933
700,103,646,933
171,0,171,933
700,69,646,933
0,31,700,31
0,34,700,44
646,0,658,933
0,19,700,0
0,10,700,10
0,70,700,70
0,57,700,57
0,41,700,41
0,32,700,32
0,69,700,69
0,25,700,25
0,50,700,50
0,67,700,67
674,0,660,933
27,0,27,933
633,0,633,933
692,0,658,933
0,100,700,100
619,0,619,933
0,22,651,0
650,0,650,933
0,33,700,41
627,0,651,933
0,39,700,39
682,0,633,933
699,0,651,933
674,0,674,933
0,101,700,101
695,0,659,933
627,0,643,933
626,0,642,933
700,114,655,933
624,0,687,933
170,0,170,933
632,0,632,933
700,167,655,933
647,0,647,933
644,0,644,933
685,0,623,933
0,27,700,37
30,0,30,933
625,0,625,933
645,0,645,933
81,0,111,933
0,58,700,58
643,0,615,933
647,0,616,933
693,0,642,933
174,0,174,933
67,0,114,933
184,0,184,933
608,0,595,933
27,0,27,933
684,0,666,933
666,0,666,933
628,0,681,933
610,0,593,933
30,0,30,933
592,0,592,933
700,45,655,933
0,14,700,40
656,0,643,933
33,0,33,933
700,265,608,933
73,0,112,933
0,72,700,72
700,274,607,933
648,0,661,933
683,0,664,933
634,0,634,933
0,26,700,26
601,0,601,933
0,105,700,95
76,0,141,933
0,13,700,26
653,0,679,933
0,931,700,931
684,0,684,933
683,0,632,933
32,0,32,933
0,67,700,42
697,0,677,933
0,66,700,66
63,0,143,933
0,24,700,24
26,0,26,933
0,65,700,24
700,33,665,933
0,37,700,47
0,5,700,5
665,0,683,933
0,13,700,13
25,0,25,933
0,12,700,12
68,0,153,933
170,0,170,933
0,929,700,929
0,15,630,0
71,0,134,933
185,0,185,933
84,0,84,933
652,0,677,933
0,928,700,928
65,0,144,933
60,0,159,933
4,0,4,933
668,0,680,933
78,0,133,933
691,0,676,933
3,0,3,933
0,736,700,36
71,0,147,933
76,0,132,933
642,0,624,933
91,0,111,933
68,0,152,933
0,930,700,930
700,313,613,933
6,0,6,933
98,0,119,933
65,0,131,933
69,0,153,933
0,73,700,37
665,0,665,933
0,63,700,63
637,0,603,933
666,0,649,933
63,0,63,933
0,9,700,9
2,0,2,933
172,0,172,933
0,12,700,26
0,22,700,22
700,214,605,933
95,0,132,933
0,932,700,932
5,0,5,933
605,0,605,933
59,0,142,933
61,0,113,933
668,0,690,933
88,0,118,933
0,927,700,927
34,0,34,933
78,0,145,933
178,0,123,933
0,67,700,42
177,0,131,933
168,0,168,933
167,0,167,933
0,20,598,0
0,400,533,933
1,0,1,933
169,0,169,933
672,0,654,933
80,0,110,933
591,0,591,933
66,0,152,933
0,36,700,64
0,17,700,31
650,0,650,933
0,80,700,31
0,918,700,918
0,916,700,916
0,104,700,96
166,0,166,933
0,21,700,721
0,926,700,926
0,32,174,933
183,0,183,933
92,0,151,933
85,0,85,933
604,0,589,933
0,917,700,917
0,932,700,932
571,0,650,933
643,0,643,933
0,61,700,61
572,0,660,933
0,915,700,915
186,0,186,933
60,0,174,933
0,923,700,923
165,0,165,933
571,0,644,933
0,922,700,922
0,58,700,58
600,0,600,933
0,920,700,920
75,0,151,933
0,924,700,924
0,89,700,38
0,925,700,925
0,77,700,40
95,0,75,933
0,921,700,921
0,919,700,919
173,0,173,933
0,112,700,717
0,4,700,4
0,101,700,95
0,352,338,933
0,914,700,914
172,0,172,933
0,358,342,933
96,0,83,933
105,0,74,933
